1 2 3
1
4 5 6 7
1 8
9 10
11 6 12 13 14 15 16
1 3 7
17 18
11 6 19 20 21 22 23 24
1 25 3
26 3
11 27 6 3 28 7 29 30 31 32 33 34 35 36 37
6 2 38
39 11 27 1 40 6 41 42 43 44 45 46 47 3 48 7 49 50 51
52 6 3 53
54 1 6 55
11 6 56 57 58 59 60 61 62 63 64
3
1 65 66 67 68 3
69 11 1 6
11 70 6
6 3 71
72 6 73
74
75 76
6 3 77
78 79 80 81
82 6 83 7 84 85 86 87 88
11 27 1 6 89 90 91 92 93 14 94 95 96 97 98 99 100 101 102 103 104 105 106 107 108 109 110 111 112 113 114 115 116 117 118 119 120 121 122 123 124 125 126 127 128 129 130 131 132 133 64 134 135 136 137
6 138
1 6 139 140 90 141 142 143 144
6 3
145 11 146
147 3
3 148
149
150
1 6
11 3 64
151 11 6 2 152 153 154 155 156 157 158 159 3
160 27 161 6 91 3 162 163 164 165 166 167 168 169 170 171 172 173 174 175 176 177 178 179 180 181 182 183 184 185 186 187 188 189 190 191 192 193 194 195 196 197 198 199 200 201 202 203 204 7 205 206 207 208 209 210 211 212 213 87 88 214 80
3
11 6 215
11 216 3
11 217 1 218 6 219 220 221 222 3 223 135 148 224 225 226 227
69 11 218 6 215 228 229 230 231 232 233 234 235 236 237 90 238 239 240 241 242 243 135 148 244 245
138 77
246 1 247 248 249 3 64 250
3
